12
27
49
76
110
149
195
247
304
369
438
515
597
685
780
880
987
1099
1218
1343
1474
1611
1754
1904
2059
2220
2387
2561
2741
2927
3118
3317
3520
3731
3947
4169
4398
4632
4872
5120
5372
5631
5896
6167
6444
6728
7017
7312
7614
7921
8235
8555
8881
9212
9551
9895
10245
10602
10964
11333
11707
12088
12475
12867
13267
13672
14083
14500
14924
15353
15789
16230
16678
17132
17592
18058
18530
19008
19493
19983
20479
20982
21491
22006
22526
23054
23586
24126
24671
25222
25780
26343
26913
27489
28070
28659
29252
29853
30458
31071
31690
32314
32944
33582
34224
34872
35528
36189
36856
37530
38208
38894
39586
40283
40987
41697
42413
43135
43863
44597
45337
46084
46837
47595
48359
49131
49907
50691
51479
52275
53075
53884
54696
55517
56342
57173
58012
58855
59706
60561
61424
62293
63166
64048
64934
65826
66726
67630
68541
69459
70382
71311
72246
73188
74136
75089
76049
77015
77987
78965
79949
80940
81936
82938
83947
84962
85983
87009
88042
89082
90127
91178
92235
93299
94368
95444
96526
97614
98707
99808
100914
102026
103145
104269
105399
106536
107679
108828
109983
111144
112311
113484
114664
115849
117041
118238
119443
120652
121868
123090
124318
125552
126793
128039
129292
130551
131815
133086
134363
135647
136935
138231
139532
140839
142153
143473
144798
146131
147468
148813
150162
151519
152881
154250
155624
157006
158391
159785
161184
162588
164000
165418
166840
168271
169705
171148
172595
174049
175509
176976
178447
179926
181410
182901
184397
185900
187409
188924
190445
191972
193505
195045
196590
198142
199699
201263
202833
204409
205990
207579
209174
210773
212381
213992
215612
217236
218867
220504
222147
223797
225451
227113
228781
230454
232134
233820
235511
237210
238914
240624
242340
244063
245792
247526
249266
251014
252767
254525
256291
258063
259839
261623
263413
265208
267010
268818
270633
272452
274278
276111
277949
279794
281644
283502
285364
287233
289108
290989
292876
294770
296670
298575
300486
302405
304328
306259
308194
310137
312085
314040
316000
317967
319940
321918
323904
325894
327892
329895
331904
333920
335942
337969
340003
342043
344089
346141
348200
350264
352334
354411
356494
358582
360678
362778
364885
366999
369118
371243
373376
375512
377657
379806
381962
384125
386292
388467
390647
392834
395027
397225
399430
401641
403858
406081
408310
410546
412788
415035
417288
419549
421814
424087
426365
428648
430940
433235
435539
437847
440162
442482
444810
447143
449482
451828
454179
456536
458900
461270
463646
466028
468416
470810
473211
475617
478029
480449
482873
485304
487740
490184
492634
495088
497550
500018
502491
504971
507457
509949
512447
514951
517461
519978
522501
525029
527564
530105
532652
535204
537765
540329
542901
545478
548062
550652
553248
555850
558457
561073
563692
566319
568951
571590
574235
576886
579542
582206
584875
587551
590231
592920
595613
598313
601018
603731
606449
609173
611904
614639
617383
620131
622886
625647
628414
631187
633966
636752
639543
642341
645144
647955
650770
653592
656420
659255
662095
664942
667794
670653
673518
676388
679266
682149
685038
687934
690835
693743
696656
699577
702502
705435
708373
711317
714267
717224
720187
723155
726131
729111
732099
735091
738091
741097
744108
747126
750150
753179
756216
759258
762306
765360
768421
771488
774560
777640
780724
783815
786913
790015
793126
796240
799363
802490
805624
808764
811911
815062
818221
821385
824556
827733
830915
834105
837299
840501
843708
846921
850141
853367
856598
859836
863080
866331
869586
872849
876117
879392
882673
885959
889252
892552
895856
899168
902485
905809
909138
912475
915816
919164
922518
925878
929245
932617
935995
939381
942771
946168
949571
952981
956395
959817
963245
966678
970118
973564
977016
980474
983938
987409
990885
994367
997857
1001351
1004852
1008359
1011873
1015391
1018918
1022448
1025987
1029530
1033080
1036636
1040198
1043766
1047341
1050922
1054508
1058100
1061700
1065304
1068916
1072533
1076156
1079786
1083421
1087063
1090711
1094365
1098024
1101691
1105364
1109041
1112727
1116416
1120114
1123817
1127525
1131241
1134962
1138690
1142423
1146162
1149909
1153660
1157418
1161182
1164953
1168729
1172511
1176300
1180095
1183896
1187702
1191516
1195335
1199160
1202991
1206830
1210673
1214522
1218379
1222241
1226109
1229983
1233864
1237750
1241643
1245541
1249447
1253358
1257274
1261199
1265127
1269063
1273005
1276952
1280907
1284866
1288833
1292804
1296784
1300767
1304759
1308755
1312758
1316767
1320782
1324803
1328831
1332865
1336903
1340950
1345002
1349059
1353124
1357194
1361270
1365353
1369441
1373536
1377637
1381744
1385857
1389977
1394101
1398233
1402371
1406515
1410664
1414820
1418983
1423150
1427325
1431506
1435692
1439885
1444084
1448288
1452500
1456717
1460940
1465170
1469406
1473647
1477895
1482149
1486409
1490675
1494948
1499226
1503511
1507802
1512098
1516401
1520711
1525026
1529347
1533674
1538008
1542348
1546694
1551046
1555404
1559768
1564138
1568515
1572898
1577287
1581681
1586082
1590489
1594903
1599322
1603748
1608179
1612617
1617061
1621511
1625967
1630429
1634897
1639373
1643852
1648340
1652833
1657331
1661837
1666348
1670865
1675389
1679919
1684454
1688997
1693544
1698099
1702659
1707225
1711798
1716377
1720961
1725552
1730150
1734753
1739362
1743977
1748599
1753227
1757860
1762501
1767147
1771799
1776457
1781122
1785792
1790469
1795152
1799842
1804536
1809237
1813945
1818658
1823378
1828104
1832836
1837574
1842317
1847069
1851824
1856588
1861355
1866131
1870912
1875698
1880492
1885292
1890096
1894909
1899726
1904550
1909380
1914216
1919058
1923906
1928762
1933621
1938489
1943361
1948241
1953125
1958017
1962914
1967818
1972728
1977643
1982566
1987493
1992427
1997368
2002315
2007267
2012225
2017191
2022162
2027138
2032122
2037111
2042107
2047109
2052116
2057130
2062150
2067177
2072208
2077248
2082291
2087343
2092399
2097462
2102531
2107607
2112688
2117775
2122869
2127969
2133075
2138186
2143305
2148429
2153560
2158696
2163838
2168988
2174143
2179303
2184471
2189644
2194824
2200009
2205201
2210399
2215603
2220813
2226030
2231251
2236481
2241715
2246955
2252203
2257456
2262715
2267981
2273251
2278530
2283813
2289103
2294400
2299701
2305010
2310324
2315644
2320971
2326304
2331644
2336988
2342339
2347697
2353060
2358430
2363805
2369188
2374576
2379969
2385370
2390777
2396189
2401607
2407033
2412464
2417900
2423344
2428794
2434248
2439711
2445178
2450652
2456133
2461618
2467111
2472609
2478114
2483624
2489142
2494664
2500194
2505729
2511270
2516818
2522371
2527932
2533497
2539070
2544647
2550232
2555823
2561419
2567022
2572631
2578246
2583867
2589494
2595128
2600768
2606413
2612065
2617723
2623388
2629057
2634734
2640417
2646105
2651800
2657501
2663208
2668921
2674641
2680366
2686098
2691836
2697580
2703330
2709085
2714849
2720616
2726392
2732172
2737959
2743752
2749551
2755357
2761168
2766986
2772809
2778639
2784475
2790318
2796165
2802020
2807881
2813747
2819620
2825499
2831384
2837276
2843173
2849076
2854986
2860902
2866824
2872752
2878686
2884626
2890573
2896526
2902484
2908449
2914421
2920397
2926381
2932371
2938366
2944367
2950376
2956390
2962409
2968437
2974468
2980508
2986551
2992603
2998660
3004723
3010793
3016867
3022950
3029037
3035131
3041231
3047337
3053449
3059568
3065692
3071823
3077960
3084103
3090252
3096407
3102569
3108736
3114910
3121090
3127275
3133468
3139666
3145871
3152081
3158298
3164520
3170750
3176984
3183226
3189473
3195727
3201987
3208252
3214524
3220802
3227087
3233377
3239673
3245977
3252285
3258599
3264921
3271249
3277581
3283921
3290267
3296619
3302976
3309341
3315711
3322087
3328470
3334859
3341253
3347654
3354061
3360475
3366894
3373319
3379752
3386188
3392633
3399083
3405540
3412001
3418470
3424945
3431426
3437912
3444406
3450905
3457410
3463922
3470440
3476963
3483493
3490030
3496572
3503120
3509674
3516236
3522802
3529375
3535954
3542540
3549131
3555728
3562332
3568942
3575559
3582180
3588808
3595443
3602083
3608731
3615383
3622042
3628707
3635378
3642056
3648740
3655429
3662125
3668827
3675535
3682250
3688970
3695697
3702429
3709169
3715913
3722665
3729421
3736186
3742955
3749731
3756512
3763301
3770095
3776895
3783702
3790515
3797333
3804158
3810990
3817826
3824670
3831520
3838375
3845237
3852105
3858979
3865859
3872746
3879638
3886537
3893442
3900353
3907270
3914193
3921123
3928058
3935001
3941948
3948902
3955862
3962828
3969801
3976780
3983764
3990756
3997752
4004756
4011765
4018780
4025802
4032830
4039864
4046904
4053950
4061003
4068061
4075126
4082197
4089274
4096357
4103446
4110542
4117643
4124751
4131865
4138985
4146111
4153243
4160382
4167527
4174677
4181834
4188998
4196166
4203342
4210524
4217711
4224905
4232105
4239311
4246524
4253742
4260966
4268197
4275434
4282677
4289927
4297181
4304443
4311711
4318984
4326265
4333550
4340843
4348141
4355446
4362756
4370073
4377396
4384726
4392060
4399402
4406750
4414103
4421463
4428829
4436202
4443580
4450964
4458355
4465752
4473154
4480564
4487979
4495400
4502828
4510262
4517702
4525147
4532600
4540058
4547522
4554993
4562470
4569953
4577442
4584937
4592438
4599946
4607460
4614980
4622505
4630038
4637575
4645121
4652671
4660227
4667791
4675360
4682935
4690516
4698103
4705698
4713297
4720903
4728515
4736134
4743758
4751389
4759025
4766668
4774317
4781973
4789634
4797301
4804975
4812655
4820340
4828033
4835731
4843436
4851146
4858863
4866585
4874315
4882050
4889792
4897538
4905293
4913052
4920818
4928591
4936368
4944153
4951944
4959741
4967543
4975352
4983168
4990989
4998816
5006650
5014490
5022336
5030188
5038046
5045911
5053781
5061658
5069541
5077430
5085326
5093226
5101135
5109047
5116968
5124894
5132826
5140764
5148709
5156659
5164616
5172579
5180548
5188523
5196505
5204492
5212486
5220486
5228492
5236504
5244522
5252547
5260577
5268615
5276657
5284706
5292762
5300823
5308891
5316964
5325044
5333131
5341223
5349321
5357425
5365536
5373653
5381776
5389906
5398040
5406182
5414330
5422483
5430644
5438809
5446982
5455160
5463345
5471535
5479733
5487935
5496145
5504360
5512581
5520810
5529043
5537283
5545529
5553782
5562040
5570304
5578576
5586852
5595136
5603424
5611721
5620021
5628330
5636643
5644964
5653290
5661622
5669960
5678306
5686656
5695013
5703377
5711745
5720122
5728503
5736890
5745285
5753685
5762091
5770503
5778923
5787347
5795777
5804215
5812659
5821107
5829563
5838025
5846493
5854967
5863447
5871934
5880426
5888924
5897430
5905940
5914458
5922981
5931511
5940046
5948588
5957136
5965690
5974251
5982816
5991390
5999968
6008554
6017144
6025741
6034346
6042954
6051571
6060192
6068820
6077455
6086095
6094741
6103395
6112053
6120718
6129389
6138067
6146750
6155440
6164136
6172838
6181546
6190260
6198981
6207708
6216440
6225179
6233925
6242676
6251433
6260197
6268966
6277743
6286525
6295313
6304107
6312909
6321715
6330527
6339347
6348173
6357003
6365841
6374685
6383535
6392391
6401253
6410122
6418996
6427877
6436764
6445657
6454556
6463462
6472373
6481290
6490215
6499145
6508081
6517023
6525972
6534926
6543888
6552854
6561828
6570807
6579792
6588784
6597782
6606786
6615797
6624812
6633835
6642864
6651898
6660940
6669987
6679040
6688099
6697166
6706237
6715315
6724399
6733490
6742586
6751688
6760798
6769912
6779034
6788161
6797294
6806435
6815579
6824732
6833890
6843055
6852224
6861402
6870584
6879773
6888969
6898170
6907377
6916591
6925810
6935037
6944268
6953507
6962752
6972002
6981259
6990522
6999791
7009066
7018348
7027636
7036929
7046229
7055535
7064848
7074166
7083491
7092822
7102158
7111502
7120851
7130206
7139569
7148936
7158309
7167691
7177076
7186469
7195867
7205273
7214683
7224101
7233523
7242954
7252389
7261830
7271279
7280733
7290193
7299660
7309133
7318611
7328096
7337588
7347084
7356589
7366098
7375614
7385135
7394664
7404199
7413739
7423285
7432839
7442397
7451963
7461534
7471112
7480695
7490285
7499881
7509484
7519092
7528706
7538327
7547954
7557587
7567226
7576872
7586523
7596181
7605845
7615515
7625192
7634873
7644562
7654257
7663958
7673666
7683378
7693098
7702823
7712555
7722293
7732038
7741787
7751544
7761307
7771075
7780851
7790631
7800419
7810213
7820012
7829818
7839630
7849448
7859272
7869103
7878940
7888783
7898631
7908487
7918348
7928216
7938089
7947970
7957855
7967748
7977646
7987550
7997461
8007379
8017301
8027231
8037166
8047108
8057055
8067010
8076969
8086936
8096908
8106887
8116872
8126863
8136860
8146863
8156873
8166889
8176910
8186938
8196973
8207013
8217059
8227113
8237171
8247236
8257307
8267385
8277469
8287558
8297654
8307756
8317865
8327979
8338099
8348227
8358359
8368499
8378644
8388795
8398953
8409117
8419287
8429463
8439646
8449834
8460028
8470230
8480437
8490650
8500869
8511095
8521327
8531564
8541809
8552059
8562316
8572578
8582847
8593122
8603403
8613690
8623984
8634284
8644590
8654901
8665220
8675544
8685875
8696211
8706555
8716903
8727259
8737620
8747988
8758362
8768741
8779128
8789520
8799919
8810323
8820734
8831151
8841575
8852003
8862440
8872881
8883328
8893783
8904244
8914709
8925183
8935661
8946146
8956637
8967135
8977638
8988147
8998664
9009185
9019714
9030248
9040789
9051336
9061888
9072448
9083012
9093585
9104161
9114746
9125336
9135931
9146534
9157143
9167757
9178379
9189005
9199638
9210278
9220924
9231575
9242233
9252897
9263568
9274244
9284926
9295616
9306310
9317012
9327719
9338433
9349152
9359878
9370610
9381349
9392093
9402843
9413601
9424363
9435133
9445908
9456689
9467477
9478271
9489071
9499877
9510690
9521508
9532333
9543163
9554001
9564845
9575694
9586549
9597411
9608280
9619153
9630034
9640921
9651813
9662712
9673617
9684529
9695446
9706369
9717300
9728235
9739178
9750126
9761080
9772042
9783008
9793981
9804961
9815946
9826937
9837936
9848939
9859950
9870966
9881988
9893017
9904053
9915093
9926140
9937194
9948254
9959319
9970391
9981470
9992554
10003644
10014741
10025844
10036953
10048068
10059190
10070317
10081452
10092591
10103737
10114890
10126048
10137213
10148384
10159561
10170744
10181933
10193130
10204331
10215539
10226753
10237973
10249201
10260432
10271672
10282917
10294168
10305426
10316689
10327959
10339235
10350517
10361806
10373100
10384401
10395708
10407021
10418340
10429665
10440998
10452335
10463679
10475030
10486385
10497749
10509117
10520492
10531873
10543261
10554654
10566053
10577460
10588871
10600290
10611715
10623144
10634582
10646025
10657473
10668929
10680391
10691858
10703333
10714812
10726299
10737791
10749289
10760795
10772305
10783823
10795346
10806876
10818411
10829953
10841502
10853055
10864617
10876182
10887756
10899335
10910920
10922511
10934109
10945713
10957323
10968939
10980561
10992190
11003824
11015466
11027112
11038766
11050425
11062091
11073763
11085441
11097125
11108815
11120512
11132215
11143924
11155638
11167361
11179087
11190822
11202561
11214307
11226060
11237818
11249583
11261353
11273131
11284913
11296703
11308499
11320301
11332108
11343923
11355742
11367570
11379402
11391241
11403086
11414937
11426795
11438658
11450529
11462404
11474286
11486175
11498070
11509970
11521877
11533790
11545710
11557635
11569567
11581505
11593449
11605399
11617355
11629319
11641287
11653262
11665243
11677231
11689224
11701225
11713230
11725242
11737261
11749285
11761316
11773353
11785396
11797445
11809501
11821562
11833631
11845704
11857785
11869871
11881964
11894062
11906168
11918279
11930396
11942520
11954649
11966786
11978927
11991076
12003231
12015391
12027558
12039732
12051910
12064096
12076288
12088486
12100689
12112900
12125116
12137339
12149568
12161803
12174044
12186292
12198545
12210804
12223071
12235343
12247621